[bg-blog.jpg]
filters=Soften=1,100.000000,0.000000;
moddate=37604ce79b7cd401
width=4160
height=1368
textactive=0
